0 0.65390625 0.48359375 0.0578125 0.1609375
0 0.72578125 0.5265625 0.0640625 0.2375
0 0.165625 0.50859375 0.065625 0.2421875
0 0.30859375 0.49921875 0.0546875 0.2296875
0 0.2609375 0.50078125 0.053125 0.2328125
0 0.05625 0.53515625 0.065625 0.2609375
0 0.11015625 0.509375 0.0609375 0.228125
0 0.59609375 0.4828125 0.0546875 0.165625
0 0.3546875 0.50625 0.0546875 0.2296875
0 0.4984375 0.50859375 0.0546875 0.2296875
0 0.39609375 0.509375 0.0625 0.22421875
0 0.45234375 0.5046875 0.0546875 0.2109375
0 0.5546875 0.5078125 0.05078125 0.2171875
0 0.97734375 0.50859375 0.0453125 0.2734375