0 0.48359375 0.34609375 0.1609375 0.0578125
0 0.5265625 0.27421875 0.2375 0.0640625
0 0.50859375 0.834375 0.2421875 0.065625
0 0.49921875 0.69140625 0.2296875 0.0546875
0 0.50078125 0.7390625 0.2328125 0.053125
0 0.53515625 0.94375 0.2609375 0.065625
0 0.509375 0.88984375 0.228125 0.0609375
0 0.4828125 0.40390625 0.165625 0.0546875
0 0.50625 0.6453125 0.2296875 0.0546875
0 0.50859375 0.5015625 0.2296875 0.0546875
0 0.509375 0.60390625 0.225 0.0625
0 0.5046875 0.54765625 0.2109375 0.0546875
0 0.5078125 0.4453125 0.2171875 0.05
0 0.50859375 0.02265625 0.2734375 0.0453125