0 0.53125 0.26640625 0.25625 0.0640625
0 0.5 0.73046875 0.234375 0.0546875
0 0.4984375 0.5921875 0.221875 0.053125
0 0.5015625 0.54609375 0.21875 0.0515625
0 0.5046875 0.49765625 0.221875 0.0546875
0 0.50390625 0.828125 0.2390625 0.0625
0 0.496875 0.68515625 0.228125 0.0515625
0 0.534375 0.9359375 0.26875 0.065625
0 0.55 0.97734375 0.275 0.0453125
0 0.51953125 0.8828125 0.2515625 0.0625
0 0.50546875 0.63203125 0.234375 0.046875
0 0.5203125 0.446875 0.2578125 0.0640625
0 0.52578125 0.3921875 0.2546875 0.0515625
0 0.52890625 0.33515625 0.259375 0.053125
0 0.49765625 0.02421875 0.265625 0.0484375