0 0.73359375 0.53125 0.0640625 0.25625
0 0.26953125 0.5 0.0546875 0.234375
0 0.4078125 0.4984375 0.053125 0.221875
0 0.45390625 0.5015625 0.0515625 0.21875
0 0.50234375 0.5046875 0.0546875 0.221875
0 0.171875 0.50390625 0.0625 0.2390625
0 0.31484375 0.496875 0.0515625 0.228125
0 0.0640625 0.534375 0.065625 0.26875
0 0.02265625 0.55 0.0453125 0.275
0 0.1171875 0.51953125 0.0625 0.2515625
0 0.36796875 0.50546875 0.046875 0.234375
0 0.553125 0.5203125 0.0640625 0.2578125
0 0.6078125 0.52578125 0.0515625 0.2546875
0 0.66484375 0.52890625 0.053125 0.259375
0 0.97578125 0.49765625 0.0484375 0.26484375