0 0.46484375 0.73984375 0.2609375 0.0671875
0 0.4984375 0.46015625 0.221875 0.0546875
0 0.49140625 0.178125 0.2484375 0.0625
0 0.48359375 0.125 0.2515625 0.0625
0 0.50390625 0.27421875 0.2296875 0.0546875
0 0.50390625 0.32109375 0.2265625 0.0515625
0 0.46875 0.07109375 0.2625 0.0671875
0 0.4671875 0.66796875 0.259375 0.0578125
0 0.52578125 0.97109375 0.2140625 0.0484375
0 0.45 0.02578125 0.275 0.0515625
0 0.4953125 0.50859375 0.221875 0.0515625
0 0.50234375 0.4125 0.2203125 0.053125
0 0.503125 0.365625 0.2296875 0.0546875
0 0.48828125 0.5625 0.2296875 0.0546875
0 0.48515625 0.61484375 0.2296875 0.0546875
0 0.5203125 0.22890625 0.196875 0.0484375