0 0.73984375 0.53515625 0.0671875 0.2609375
0 0.46015625 0.5015625 0.0546875 0.221875
0 0.178125 0.50859375 0.0625 0.2484375
0 0.125 0.51640625 0.0625 0.2515625
0 0.27421875 0.49609375 0.0546875 0.2296875
0 0.32109375 0.49609375 0.0515625 0.2265625
0 0.07109375 0.53125 0.0671875 0.2625
0 0.66796875 0.5328125 0.0578125 0.259375
0 0.97109375 0.47421875 0.0484375 0.2140625
0 0.02578125 0.55 0.0515625 0.275
0 0.50859375 0.5046875 0.0515625 0.221875
0 0.4125 0.49765625 0.053125 0.2203125
0 0.365625 0.496875 0.0546875 0.2296875
0 0.5625 0.51171875 0.0546875 0.2296875
0 0.61484375 0.51484375 0.0546875 0.2296875
0 0.22890625 0.4796875 0.0484375 0.19609375