0 0.29140625 0.465625 0.0546875 0.171875
0 0.7078125 0.52265625 0.0625 0.2390625
0 0.14296875 0.49765625 0.0578125 0.2234375
0 0.52890625 0.52890625 0.0578125 0.2671875
0 0.478125 0.52578125 0.053125 0.2703125
0 0.5859375 0.534375 0.0578125 0.2671875
0 0.6359375 0.52890625 0.0578125 0.2671875
0 0.09296875 0.50625 0.0578125 0.2234375
0 0.0421875 0.5203125 0.0578125 0.2234375
0 0.19921875 0.49375 0.0578125 0.2234375
0 0.42890625 0.5171875 0.0578125 0.2671875
0 0.3875 0.5171875 0.0578125 0.2671875
0 0.33828125 0.51953125 0.0578125 0.2671875
0 0.2453125 0.51015625 0.0578125 0.2671875