0 0.53203125 0.3765625 0.1671875 0.05625
0 0.4578125 0.7 0.278125 0.0625
0 0.53671875 0.2359375 0.1671875 0.053125
0 0.4578125 0.62734375 0.278125 0.0625
0 0.4734375 0.57265625 0.278125 0.0625
0 0.47890625 0.525 0.278125 0.0625
0 0.4765625 0.471875 0.278125 0.0625
0 0.48203125 0.42890625 0.278125 0.0625
0 0.4859375 0.19140625 0.278125 0.0625
0 0.4859375 0.28671875 0.278125 0.0625
0 0.5015625 0.3375 0.278125 0.0625
0 0.4609375 0.03125 0.278125 0.0625
0 0.47578125 0.084375 0.278125 0.0625
0 0.4859375 0.13828125 0.278125 0.0625