0 0.3765625 0.46796875 0.05625 0.1671875
0 0.7 0.5421875 0.0625 0.278125
0 0.2359375 0.46328125 0.053125 0.1671875
0 0.62734375 0.5421875 0.0625 0.278125
0 0.57265625 0.5265625 0.0625 0.278125
0 0.525 0.52109375 0.0625 0.278125
0 0.471875 0.5234375 0.0625 0.278125
0 0.42890625 0.51796875 0.0625 0.278125
0 0.19140625 0.5140625 0.0625 0.278125
0 0.28671875 0.5140625 0.0625 0.278125
0 0.3375 0.4984375 0.0625 0.278125
0 0.03125 0.5390625 0.0625 0.278125
0 0.084375 0.52421875 0.0625 0.278125
0 0.13828125 0.5140625 0.0625 0.278125