0 0.7109375 0.528125 0.0625 0.25
0 0.4328125 0.521875 0.053125 0.2625
0 0.03984375 0.53984375 0.0671875 0.2765625
0 0.47890625 0.525 0.0515625 0.265625
0 0.09453125 0.5234375 0.0640625 0.259375
0 0.53125 0.53046875 0.05625 0.2671875
0 0.38828125 0.51484375 0.053125 0.2625
0 0.3453125 0.515625 0.053125 0.2625
0 0.29921875 0.51484375 0.053125 0.2625
0 0.2484375 0.50703125 0.053125 0.2625
0 0.20703125 0.51484375 0.053125 0.2625
0 0.14609375 0.525 0.053125 0.2625
0 0.58359375 0.53125 0.05625 0.2671875
0 0.64375 0.5328125 0.05625 0.2671875