0 0.59609375 0.503125 0.0578125 0.215625
0 0.53984375 0.50078125 0.0515625 0.2140625
0 0.3953125 0.4578125 0.05 0.15625
0 0.34765625 0.4578125 0.0546875 0.165625
0 0.66640625 0.534375 0.0609375 0.275
0 0.30078125 0.4578125 0.0515625 0.178125
0 0.15625 0.4890625 0.0625 0.225
0 0.0515625 0.5234375 0.0703125 0.27421875
0 0.11015625 0.5125 0.06796875 0.25234375
0 0.2125 0.50546875 0.0640625 0.265625
0 0.2640625 0.50390625 0.0625 0.2671875
0 0.4515625 0.51953125 0.0640625 0.27734375
0 0.4984375 0.5015625 0.053125 0.25234375