0 0.25078125 0.45546875 0.0515625 0.1703125
0 0.20234375 0.4546875 0.0546875 0.165625
0 0.66328125 0.49921875 0.0703125 0.23125
0 0.59296875 0.53203125 0.0703125 0.2921875
0 0.54140625 0.5234375 0.065625 0.30546875
0 0.4921875 0.52734375 0.0671875 0.29296875
0 0.4421875 0.5203125 0.06015625 0.30546875
0 0.3953125 0.47421875 0.06484375 0.19765625
0 0.35 0.50859375 0.05859375 0.28671875
0 0.10078125 0.51875 0.07578125 0.28203125
0 0.05078125 0.53046875 0.0671875 0.29375
0 0.16015625 0.51484375 0.06953125 0.28359375