0 0.503125 0.40390625 0.215625 0.0578125
0 0.50078125 0.46015625 0.2140625 0.0515625
0 0.4578125 0.6046875 0.15625 0.05
0 0.4578125 0.65234375 0.165625 0.0546875
0 0.534375 0.33359375 0.275 0.0609375
0 0.4578125 0.69921875 0.178125 0.0515625
0 0.4890625 0.84375 0.225 0.0625
0 0.5234375 0.9484375 0.275 0.0703125
0 0.5125 0.88984375 0.253125 0.06875
0 0.50546875 0.7875 0.265625 0.0640625
0 0.50390625 0.7359375 0.2671875 0.0625
0 0.51953125 0.5484375 0.278125 0.0640625
0 0.5015625 0.5015625 0.253125 0.053125