0 0.575 0.50390625 0.059375 0.2171875
0 0.6453125 0.475 0.05625 0.159375
0 0.37578125 0.46015625 0.0515625 0.1640625
0 0.51875 0.49609375 0.05 0.2171875
0 0.328125 0.4546875 0.053125 0.165625
0 0.0796875 0.5015625 0.0625 0.234375
0 0.13515625 0.490625 0.0609375 0.225
0 0.1875 0.48515625 0.05625 0.2234375
0 0.2828125 0.4578125 0.05 0.171875
0 0.2359375 0.4546875 0.053125 0.171875
0 0.425 0.515625 0.0578125 0.26015625
0 0.475 0.51796875 0.06328125 0.26953125
0 0.02578125 0.528125 0.0515625 0.259375