0 0.5046875 0.32109375 0.24375 0.0515625
0 0.4703125 0.56640625 0.26875 0.0578125
0 0.51328125 0.1796875 0.2203125 0.059375
0 0.47890625 0.5125 0.2734375 0.053125
0 0.48203125 0.4625 0.2703125 0.05625
0 0.51015625 0.2765625 0.234375 0.053125
0 0.5421875 0.36796875 0.1625 0.0515625
0 0.5484375 0.22890625 0.1625 0.0546875
0 0.478125 0.02890625 0.246875 0.0578125
0 0.4921875 0.0765625 0.25 0.06875
0 0.49765625 0.134375 0.24375 0.065625
0 0.52265625 0.646875 0.178125 0.0625
0 0.52890625 0.42109375 0.18125 0.059375