0 0.61640625 0.53515625 0.0578125 0.2734375
0 0.35078125 0.4640625 0.0515625 0.16875
0 0.44296875 0.52109375 0.0546875 0.2703125
0 0.546875 0.53125 0.053125 0.26875
0 0.4921875 0.52578125 0.05625 0.2671875
0 0.30546875 0.4921875 0.0484375 0.2375
0 0.25625 0.490625 0.0546875 0.22734375
0 0.21484375 0.46484375 0.04921875 0.18046875
0 0.1640625 0.49375 0.06015625 0.21953125
0 0.10859375 0.4984375 0.06171875 0.2296875
0 0.05390625 0.51015625 0.0609375 0.228125
0 0.3984375 0.46328125 0.0421875 0.16875