0 0.37421875 0.46484375 0.0515625 0.1734375
0 0.28125 0.49296875 0.05 0.246875
0 0.5703125 0.5046875 0.05625 0.215625
0 0.2328125 0.45234375 0.053125 0.1609375
0 0.07734375 0.51796875 0.0640625 0.2671875
0 0.02734375 0.53671875 0.0546875 0.2796875
0 0.6421875 0.47421875 0.05625 0.1578125
0 0.3265625 0.49765625 0.053125 0.25
0 0.46953125 0.51796875 0.0578125 0.2671875
0 0.13203125 0.50625 0.0609375 0.253125
0 0.18359375 0.49921875 0.0578125 0.2453125
0 0.42578125 0.5125 0.0578125 0.2671875
0 0.52265625 0.49765625 0.05625 0.221875
0 0.64453125 0.4765625 0.05625 0.171875