0 0.53984375 0.53125 0.0546875 0.26875
0 0.61015625 0.534375 0.0578125 0.275
0 0.484375 0.5265625 0.05 0.26875
0 0.43828125 0.52109375 0.0546875 0.2703125
0 0.39140625 0.45546875 0.0453125 0.1515625
0 0.34453125 0.4953125 0.05390625 0.22890625
0 0.2984375 0.4921875 0.04609375 0.2234375
0 0.25390625 0.48984375 0.04609375 0.22265625
0 0.2046875 0.465625 0.0484375 0.18203125
0 0.15546875 0.49140625 0.053125 0.2265625
0 0.09921875 0.50078125 0.06015625 0.225
0 0.04609375 0.515625 0.05078125 0.23359375