0 0.32109375 0.4953125 0.0515625 0.24453125
0 0.56640625 0.5296875 0.0578125 0.26875
0 0.1796875 0.48671875 0.059375 0.2203125
0 0.5125 0.52109375 0.053125 0.2734375
0 0.4625 0.51796875 0.05625 0.2703125
0 0.2765625 0.48984375 0.053125 0.23515625
0 0.36796875 0.4578125 0.0515625 0.1625
0 0.22890625 0.4515625 0.0546875 0.1625
0 0.02890625 0.521875 0.0578125 0.24765625
0 0.0765625 0.5078125 0.06875 0.24921875
0 0.134375 0.50234375 0.06484375 0.24296875
0 0.646875 0.47734375 0.06328125 0.178125
0 0.42109375 0.47109375 0.06015625 0.18046875