0 0.60625 0.534375 0.059375 0.275
0 0.0390625 0.51796875 0.05625 0.23671875
0 0.53671875 0.53203125 0.0546875 0.2703125
0 0.43359375 0.52109375 0.0546875 0.2703125
0 0.48125 0.5265625 0.05 0.26875
0 0.0953125 0.503125 0.065625 0.22421875
0 0.3890625 0.46484375 0.04296875 0.16015625
0 0.3453125 0.4921875 0.0515625 0.22109375
0 0.2984375 0.49609375 0.05078125 0.22890625
0 0.25234375 0.47265625 0.04765625 0.18359375
0 0.20390625 0.49296875 0.05078125 0.21796875
0 0.15234375 0.49453125 0.04765625 0.21796875